64 53 4
64 54 4
64 55 4
64 63 4
64 65 4
64 73 4
64 74 4
64 75 4
2 -9 4
2 -8 5
2 -7 5
2 1 5
2 3 5
2 11 5
2 12 5
2 13 5
71 60 5
71 61 5
71 62 5
71 70 5
71 72 5
71 80 5
71 81 5
71 82 5
72 61 5
72 62 5
72 63 5
72 71 5
72 73 5
72 81 5
72 82 5
72 83 5
74 63 5
74 64 5
74 65 5
74 73 5
74 75 5
74 83 5
74 84 5
74 85 5
75 64 5
75 65 5
75 66 5
75 74 5
75 76 5
75 84 5
75 85 5
75 86 5
11 0 5
11 1 5
11 2 5
11 10 5
11 12 5
11 20 5
11 21 5
11 22 5
45 34 5
45 35 5
45 36 5
45 44 5
45 46 5
45 54 5
45 55 5
45 56 5
14 3 5
14 4 5
14 5 5
14 13 5
14 15 5
14 23 5
14 24 5
14 25 5
49 38 5
49 39 5
49 48 5
49 58 5
49 59 5
83 72 5
83 73 5
83 74 5
83 82 5
83 84 5
83 92 5
83 93 5
83 94 5
84 73 5
84 74 5
84 75 5
84 83 5
84 85 5
84 93 5
84 94 5
84 95 5
86 75 5
86 76 5
86 77 5
86 85 5
86 87 5
86 95 5
86 96 5
86 97 5
92 81 5
92 82 5
92 83 5
92 91 5
92 93 6
92 101 6
92 102 6
92 103 6
94 83 6
94 84 6
94 85 6
94 93 6
94 95 6
94 103 6
94 104 6
94 105 6
95 84 6
95 85 6
95 86 6
95 94 6
95 96 6
95 104 6
95 105 6
95 106 6
48 37 6
48 38 6
48 39 6
48 47 6
48 49 6
48 57 6
48 58 6
48 59 6
53 42 6
53 43 6
53 44 6
53 52 6
53 54 6
53 62 6
53 63 6
53 64 6
54 43 6
54 44 6
54 45 6
54 53 6
54 55 6
54 63 6
54 64 6
54 65 6
62 51 6
62 52 6
62 53 6
62 61 6
62 63 6
62 71 6
62 72 6
62 73 6
63 52 6
63 53 6
63 54 6
63 62 6
63 64 6
63 72 6
63 73 6
63 74 6
65 54 6
65 55 6
65 56 6
65 64 6
65 66 6
65 74 6
65 75 6
65 76 6
73 62 6
73 63 6
73 64 6
73 72 6
73 74 6
73 82 6
73 83 6
73 84 6
81 70 6
81 71 6
81 72 6
81 80 6
81 82 6
81 90 6
81 91 6
81 92 7
82 71 7
82 72 7
82 73 7
82 81 7
82 83 7
82 91 7
82 92 8
82 93 8
85 74 8
85 75 8
85 76 8
85 84 8
85 86 8
85 94 8
85 95 8
85 96 8
93 82 8
93 83 8
93 84 8
93 92 8
93 94 8
93 102 8
93 103 8
93 104 8
39 28 8
39 29 8
39 38 8
39 48 8
39 49 8
43 32 8
43 33 8
43 34 8
43 42 8
43 44 8
43 52 8
43 53 8
43 54 8
52 41 8
52 42 8
52 43 8
52 51 8
52 53 8
52 61 8
52 62 8
52 63 8
70 60 8
70 61 8
70 71 8
70 80 8
70 81 8
28 17 8
28 18 8
28 19 8
28 27 8
28 29 8
28 37 8
28 38 8
28 39 8
38 27 8
38 28 8
38 29 8
38 37 8
38 39 8
38 47 8
38 48 8
38 49 8
42 31 8
42 32 8
42 33 8
42 41 8
42 43 8
42 51 8
42 52 8
42 53 8
17 6 8
17 7 8
17 8 8
17 16 8
17 18 8
17 26 8
17 27 8
17 28 8
35
[8, 8, 0, 7, 4, 7, 6, 5, 5, 5, 5, 0, 8, 9, 0, 8, 7, 0, 5, 4, 8, 5, 9, 7, 8, 8, 9, 6, 0, 8, 8, 4, 8, 5, 7, 6, 9, 6, 0, 0, 8, 7, 0, 0, 9, 0, 8, 8, 0, 0, 6, 6, 0, 0, 0, 8, 8, 9, 8, 9, 6, 8, 0, 0, 0, 0, 5, 9, 4, 3, 0, 0, 0, 0, 0, 0, 7, 4, 5, 6, 9, 0, 0, 0, 0, 0, 0, 8, 7, 6, 8, 8, 0, 0, 0, 0, 6, 8, 4, 8]
